0.499
0.498
1.503
0.511
0.254
0.499
0.500
2.256
0.372
-1
-1
-1
-1
-1
-1
-1
-1
-1
-1
-1
-1
0.525
0.486
1.769
0.372
-1
-1
-1
-1
0.357
0.380
0.380
0.360
0.365
0.342
0.486
4.254
0.096
0.153
0.217
0.233
0.219
0.544
0.492
1.478
0.380
-1
-1
-1
-1
0.391
0.436
0.465
0.342
0.395
0.442
0.606
1.841
0.151
0.218
0.270
0.179
0.272
0.572
0.497
1.457
0.418
-1
-1
-1
-1
0.432
0.371
0.477
0.339
0.435
0.447
0.499
2.085
0.225
0.162
0.298
0.250
0.298
0.547
0.480
1.378
0.446
0.064
0.455
0.502
1.435
0.383
-1
-1
-1
-1
-1
-1
-1
-1
-1
-1
-1
-1
0.513
0.494
1.496
0.418
-1
-1
-1
-1
0.337
0.494
0.511
0.427
0.462
0.443
0.337
1.241
0.152
0.159
0.212
0.240
0.213
0.467
0.484
1.448
0.510
0.112
0.480
0.334
1.429
0.254
-1
-1
-1
-1
-1
-1
-1
-1
-1
-1
-1
-1
0.531
0.597
1.546
0.333
-1
-1
-1
-1
0.377
0.220
0.497
0.156
0.438
0.409
0.585
2.235
0.112
0.145
0.291
0.097
0.293
0.502
0.497
1.452
0.516
0.190
-1
-1
-1
0.343
-1
-1
-1
-1
-1
-1
-1
-1
-1
-1
-1
-1
0.529
0.517
1.460
0.502
0.121
0.515
0.667
1.456
0.343
-1
-1
-1
-1
-1
-1
-1
-1
-1
-1
-1
-1