0.021
0.020
0.234
0.097
0.093
0.017
0.015
0.637
0.095
0
0
0
0
0
0
0
0
0
0
0
0
0.060
0.031
0.390
0.076
0
0
0
0
0.079
0.083
0.151
0.103
0.087
0.129
0.160
1.705
0.050
0.059
0.117
0.060
0.118
0.040
0.033
0.237
0.061
0
0
0
0
0.074
0.069
0.082
0.074
0.073
0.088
0.105
0.628
0.064
0.056
0.052
0.054
0.054
0.032
0.032
0.244
0.081
0
0
0
0
0.077
0.095
0.103
0.079
0.092
0.070
0.038
0.428
0.079
0.051
0.060
0.070
0.061
0.036
0.029
0.204
0.076
0.024
0.052
0.042
0.340
0.074
0
0
0
0
0
0
0
0
0
0
0
0
0.038
0.030
0.269
0.077
0
0
0
0
0.563
0.087
0.087
0.100
0.090
0.060
0.025
0.337
0.049
0.047
0.055
0.064
0.055
0.024
0.028
0.236
0.078
0.045
0.060
0.017
0.382
0.068
0
0
0
0
0
0
0
0
0
0
0
0
0.056
0.038
0.337
0.066
0
0
0
0
0.102
0.067
0.111
0.088
0.085
0.139
0.133
0.822
0.055
0.088
0.053
0.079
0.055
0.028
0.021
0.219
0.093
0.079
0
0
0
0.092
0
0
0
0
0
0
0
0
0
0
0
0
0.027
0.026
0.230
0.078
0.047
0.059
0.018
0.406
0.074
0
0
0
0
0
0
0
0
0
0
0
0